8.23747282420258
54.24576912600663
19.909520502241268
7.025906415191511
39.18613099170987
44.464220638100144
60.86644969056834
128
12.9775088420527
7.824566170111999
48.4758645350259
22.199567289353894
46.02732256283602
9.893299488492634
21.011751382682895
54.420670556556644
85.65235455132024
6.778759898131828
6.906830255372456
71.79688547930648
24.151925243782426
19.18847551268972
11.440155140697339
7.029497019802971
41.29742539187476
33.76284606309159
48.32585155921265
46.85398416336149
53.766549195353655
32.31043055338043
9.722791349149531
40.639970782168255
123.39901018260761
72.96607152123791
9.070620669670225
20.177269684696956
70.96285560614142
6.857168488375015
60.22412384688014
106
41.791617924583086
33.07563386681919
23.80027780310143
10.207911756268796
10.240196436189308
106
83.00523254103315
59.89512065205048
56.36243687678735
54.16020845452259
83.35559834300156
87.53733709631501
68.16513625113728
17.318586293729236
42.3312685355508
32.2580573114893
41.88216024718643
26.05482442665181
81.02408728666094
70.45018351977549
24.06010339631384
22.465357976810377
24.592999722651953
48.28174063634448
58.95089401308279
57.12351918125517
84
50.501780776686296
50.314057055367925
22.814100468897685
106
54.501517830604456
21.779136077886175
59.737026640005745
12.901765854705369
42.94734112730969
31.643681001502593
65.06651994233044
12.054340254955859
17.924259235539125
7.637164811511826
43.258290152846854
50.21631035270271
65.05126037560296
9.534006152018582
51.568112681279054
12.154835703357907
31.477092453432256
26.48080445809364
79.5395247149642
13.723358945252023
11.03560335012424
25.620374388771317
50.56004847115656
135.1354713848616
9.252680637428629
15.578512159574565
14.980252491223586
15.30504187964742
14.082777393385365
44.098089353998425
20.778611328595645
36.72057670077005
48.48396472089366
11.362038839570413
77.31496050349104
11.367765396586751
13.066924114401607
22.74591530902687
14.377239473514305
9.502583524514137
8.584427773832967
9.329281254842934
13.685083620663125
30.465264664101188
17.1792605696985
53.996255131714115
42.58077984698005
9.179906715059294
64.02997787475546
51.09998253758886
30.31992116789312
19.663507367648034
11.773793984270394
64.31670099635889
6.419225691896045
32.43242638360246
88.48296051588912
84
30.165294085949597
8.007579061144082
69.29603519477389
41.39762160555485
31.08882657958314
21.987807826457807
19.551108285632203
18.091606514739304
75.91937002139593
55.510413583135744
24.838635068415975
67.73741165440302
25.43858538961254
22.88867192438706
7.2790650533207035
39.312150547072015
81.20555109035159
38.23632056400991
29.636645160809223
11.286134370382904
48.18563253635087
62.48567271037257
30.703953940927207
11.412526578991383
6.365117857708977
18.940309884458035
38.218779156640956
47.6053896948208
26.105308215050016
58.36945783920454
20.89968434724346
27.737481517961186
7.801139893305517
25.472881283431043
10.153433421569833
38.50502822219083
18.021439877007992
39.22459710532492
44.19243953097643
40.95564007413531
54.697397575292015
41.02624087324701
20.682596354180685
22.385790189794
10.276751579997992
106.85742864477523
38.89696037276114
10.576489152378159
32.569075548053206
41.408806336776095
38.94361765253476
53.83244823483309
25.18322469053708
10.063696025555656
94.228560708142
84
46.70782655852409
43.95287505735978
60.653211533059796
70.58223437086767
25.56228104504882
11.074108742755378
7.673317014291846
20.39870812295647
65.8491844164695
11.281015280365706
58.78948343150393
41.81593573649647
9.958824847603879
7.320283274736427
17.96290022999797
36.30618052890641
103.54771711651728
7.9872499701898985
7.376420373238449
97.59262734344998
42.00276291116991
7.000404164185335
72.5301836513917
6.929363988459541
39.92345900785663
62
30.588829036773184
19.512885007006762
13.54211378654028
42.9683762835402
22.960699150760213
7.997626479573625
7.733249609326551
21.942655383871823
87.02567479095518
21.796880493335784
39.02172010764655
70.48463131060839
42.85094179322539
63.1753522205742
72.51604974572886
24.796468114339554
28.8067709634842
85.74538740198614
6.846946352903334
23.234718414667423
11.155993524875349
7.56685456258602
15.080515388693533
37.894182068520976
49.99849159384117
43.12283579390881
40.16663722281504
49.75103366339311
14.500051889493928
17.01032949862897
63.13881366053752
84
50.49555455724534
22.230813506408587
62
106
74.97473837716602
6.799879778428696
41.45218486942137
44.3267028130454
114.48217904890143
23.487996383559654
11.89647495353644
74.01605837429669
29.529489924122757
21.63811750588056
15.820114513525382
91.55413006498135
64.12646502279793
70.90999033307597
66.62625175125599
96.84983693903656
84
54.38017994580204
37.47167369540062
49.2015026439045
18.477931125284186
7.804118880819708
9.088608129154306
28.149676147838463
19.478091720763597
81.22094765524864
20.39699954704813
10.92027116209782
35.163290519932076
17.274463419845187
18.354261188390634
51.21432356465536
7.6636377277897445
15.117254498262454
82.29493561809153
83.49425070143559
21.39012511734856
84
83.24787929298815
70.33495382498471
9.137975287387654
92.08358445377371
28.758817311732663
7.23717593549594
52.87180849870758
7.9436802269900415
12.435774641945667
21.591509020931937
45.499621309676066
45.02936746054718
40.251601900821996
11.17345216927838
27.82378253622716
14.72069600428964
72.13334402436988
13.711515349411231
22.205347804797793
22.936642007005652
13.601995180696045
21.961926074993677
53.754848793103584
22.7429452264408
8.10799805719028
106
23.213179947346664
14.334623704993236
6.283473372138872
14.261501792065134
9.417566882265765
14.422962242694922
56.07057388083301
44.77130081118649
41.32010195612854
56.74419940779124
30.567005236306272
10.466528861590252
39.14053654537163
6.812412825685659
104.39979757275553
62
43.982368520813054
8.087062494143748
68.19445988898163
31.873619363965958
66.45924583719156
55.65593718024124
10.636160011136667
45.40693570578259
8.313612964551304
45.16745212912933
14.982574697326625
84
29.18327507817434
27.362030184158712
26.438497690525175
8.237914106126619
39.74298523130009
106
35.078625290657314
6.710181603230161
54.48742645184046
13.656630321035658
128
103.85487514551043
12.953297475222353
8.441746332196173
106
20.036583331265177
29.978705483403633
55.31971007766465
26.97100475762943
30.364468782858047
106
37.81800536388234
30.997324475920486
6.6954262298980955
39.53726350825818
66.42688932855063
21.927353881676904
7.573950585193964
69.68141129040843
14.914642705037984
15.068034077030706
9.385476101390566
55.50690712155205
38.58572000950349
58.82838377973416
47.65850701400569
13.54760766325293
103.18249321948065
55.153382979556184
20.782376428244792
19.522821063066754
20.094523040809978
6.768994749406824
7.656068076233325
62
7.553091897515497
9.370432728411288
13.896064202050892
38.18156150595902
12.685671644792478
9.190890260406952
8.084448115048438
19.881878580895442
41.56958831400719
14.105062857331205
6.153689964561769
84
19.726787353182463
40.924412126521844
15.464345109707695
7.580215268186679
33.506426050223205
24.423701136202126
27.80326766606496
111.55494210221528
16.695038175505772
22.899149006437078
14.943158180387512
14.015454029692645
10.166382038403412
41.39713554929377
38.23295958556977
17.01674783689086
67.47948657553923
128
10.794563830149624
50.48622128105431
13.884755448710699
12.66970017811768
10.103324650767096
52.84908872048179
10.574880537348605
75.85203817392184
74.69254648724728
78.47182706836094
19.873559728257597
44.17871265315023
46.864711448412756
31.071061957537925
6.002197466815236
36.53722347650004
41.66219785646434
12.575582048585368
85.3215045274118
70.93938431211467
29.413672516891438
8.125472303970987
47.15332117030001
65.91093133673003
111.027670628648
13.791161659492815
11.448802127836801
17.763328529242802
7.567271859545009
115.45657982725687
25.739308737641505
17.41680042503946
9.040858632486271
7.933780479302545
103.99459907069519
20.862981265316108
74.05496445669823
18.33172597050023
26.46870158263502
39.07348151069118
16.210204398994545
17.536877665843523
29.67872278446145
6.494549297058911
28.38094839466836
30.538669922078114
7.715914370330655
63.49039462121607
42.38075748385748
96.07323122081124
14.014739850254852
11.651181530791444
120.66043991744957
65.48470003342553
9.000349879934182
9.010699574789324
89.52169771458922
48.54234669953328
71.97817787903689
27.658884533953643
54.353234496977215
8.71871662958481
37.011156317824195
17.949014783370565
82.06964404931018
13.889701716998013
64.1216553015854
6.451503681642784
33.47385175786375
128
7.52977313106869
28.81240661048421
7.077474694162065
51.74899579216156
44.70661062756798
14.26514732479664
46.0935555145255
10.781465179647245
48.708899356306304
53.17796175219504
28.44379464262846
29.062544652979692
24.122948082396626
17.646564125482954
13.964852618410106
58.0513793677445
33.71480904744236
6.48730073145041
8.202222743776804
58.567900797901885
34.43285832034641
70.05984134286253
6.10926055340578
59.327572489336745
6.990854775439074
42.19940935331724
6.781495564392394
14.247658859228604
44.83361519961591
60.394314287323795
25.398886906850347
16.4778250430928
43.67877787322883
11.389551270422118
89.09926173111174
18.861495696008582
18.550664917961097
85.37149911787111
62
12.787750745215686
8.043129504428997
14.288504996404923
79.63232756538946
7.246923448385525
70.92002252949905
42.256893542979206
16.03452557771793
70.03080121473498
61.35128800518931
12.194657054514781
37.504043675922745
13.663563931906321
12.449556945731645
35.00620939306242
16.533537673077664
8.920674536458534
8.730665159983761
36.911587498507465
87.45853010892776
16.751827364504592
22.52471745117025
12.44579656548465
106.12034849129394
53.35230996000468
54.25207628440095
85.94189818821278
6.27747543380526
26.15627202899295
28.678354236453078
28.61964864595471
41.591170236957154
11.925241885357119
106
14.145425679936833
91.76214107816898
41.71031240623922
38.16593694640384
106.77383089783018
30.609634055558686
6.96304571843282
81.27183494807593
58.47071788105193
29.107676340110615
74.62646347622228
9.324449169732945
53.48460925807248
22.60480997590785
19.22102720794051
25.228151568026917
13.570296528980231
25.861691715398457
49.48492878822229
62.6781567256893
7.307617072229146
65.74429569650536
20.52531687542043
20.47382517401837
71.40266894431727
23.042249930265207
20.942858996991916
9.149872732394673
9.17561154111855
24.801730887613004
40.891281625046425
93.88233049726242
10.319715429761471
20.338794097443134
10.010890095812751
21.072036903094308
36.94532923594228
31.023817802025853
10.559341699250483
14.872379670285298
56.306053135042674
9.150348875634494
7.954019113327471
12.984060848767479
116.1408390961304
59.73033989953551
62.81002331449212
30.170782309233005
43.857032686951506
17.1801915547679
41.84232732693787
84.86171764187472
82.15395999060088
8.8470946722722
8.650927602408263
9.207145242972144
88.34722239281643
48.80943854405828
9.592652236835537
7.851028923144482
8.381304081475713
10.890509515463991
78.62939490676666
58.792053265840806
75.33059153151954
24.78419727841529
20.859190794107967
18.9114273102221
128
70.53254485887528
15.43135042037646
14.208402751038705
9.479559820188383
6.733127276310174
20.26643206912404
105.584256656519
29.190673918851406
84
20.820092541011185
8.807696425251521
8.514229622975117
61.546640551264886
21.86125318665358
81.29129331524842
87.88651958354953
58.52090991955662
22.761345260255403
15.024451436219142
28.88862856534889
15.221832036579434
7.6136822586780175
105.04741662969035
18.880321147552824
21.36359137458659
14.348567381454323
92.0335677091391
106
67.92777079602135
47.92152540977498
10.821351385976332
64.15075406298138
10.22404323893485
21.782684849313693
61.042540480812264
12.895909180420844
84
8.25823063655924
7.4870012197076745
10.659895689812533
7.84889266550617
16.36209804014035
62
61.80584822850238
7.166338671892338
29.179685913322203
6.27260431541079
31.721512380848132
12.125513758408196
6.086000796873371
49.719294890107925
40.49933708425541
20.621534496170106
10.03495718446634
55.75876418241648
39.66910766950335
13.46205190372193
22.93827174987402
106
54.664593795061904
41.37949927025974
43.59617850880641
45.92863635871066
10.755854998511026
16.566717598176613
17.909430383299906
109.67813756814226
20.00124761668649
57.87861220229375
17.29697397826743
19.265660378628034
51.25128845742972
19.544313268463096
84
10.57059195119619
68.90677498591037
15.154891748144019
7.488244850419557
49.165935086710604
47.29788695545652
9.141305383149277
41.76180926672142
40
29.08007570065579
84
20.28250609762249
50.44689394960621
17.514390912052377
32.891812622454665
6.469388858335141
84
14.964009619170001
9.721293190634091
36.27669748647773
27.403368272359526
9.53646451352924
14.779160481351912
106
18.81834968046598
14.13315832266416
42.503248107962094
67.98077328836712
9.467331142884321
7.471259709579589
77.07286487196951
8.913202846914896
14.793630701745242
14.933131506281653
15.754714744874441
28.310783733604964
62
32.940116310448715
39.64934350334791
60.80260726854874
83.47075391657661
15.309814200251184
40.89827340989726
63.58565987596634
46.926194867146975
10.222481179617782
69.13691125618702
57.86835745643918
26.312365237414532
40.38934548008645
47.89255185403968
62
19.589686231111983
23.678831992493595
47.69706192292806
40.90713552282554
16.658943887194578
6.946787433970347
54.70752520318458
7.740021379689306
22.70678658265655
14.792868676026618
17.214640893708086
34.43677413046437
60.76730387502839
12.95787425899756
20.108996581262637
6.077520361437232
40
19.974114720133258
18.154968351594707
7.656908912866118
28.61791288776197
45.5482945747274
7.959623064933581
87.51829432158146
11.75011716506653
12.335392168964542
45.12869399770719
25.121797275462686
40
8.909468745986246
8.343403446160927
10.725954876579076
73.74965571622349
18.93077521839056
26.187610573727184
103.85045424707637
6.940448708170929
75.80167407293803
78.45773951383744
10.083751310804871
6.44542118769009
8.898739673763808
53.67995359458381
59.5992952834638
14.685149386421017
10.042648342035159
17.486222499230458
8.981085598892502
16.81484841716816
28.34708630028451
33.40999458708954
6.686504152194741
18.546333943422244
70.60079553917022
12.844622889582444
36.16061392208432
18.283010320131293
17.600702721117003
30.38680475952544
42.61892714006932
106
10.872358112832757
48.80692800678508
7.966523830677433
6.693098091754597
8.187712198046519
74.85149045243952
8.56717987011467
11.498498818340305
23.925602261602982
106
84
62.761056466530725
38.33274938101639
86.70336356235197
46.42807531609411
57.07149295367326
63.355470929327154
61.12817663290056
32.62674648801876
39.88911807939423
29.61042137414925
40.72102724146294
23.284010107864216
7.864709984908543
15.53303910475363
7.7066228483798
7.8553025796589
91.55249299848117
27.97183508046246
8.378178325601898
43.692894137968146
11.891088822732604
38.37909440764815
17.22116947584557
10.819709611945724
24.43405042533003
36.352034616034295
9.270943286634179
12.631455165398553
9.047938139485968
35.60401802057396
62
27.025789751820557
47.794408806290335
19.331698027251562
49.47747099700756
8.881034370610118
8.593061031177266
19.659211999043215
19.30899955987407
38.10800140018304
12.752984907281851
16.929022804112176
80.63213049265163
62
6.103718425438062
9.011170227624088
106
45.257831940581255
72.68935544966563
10.73355875118853
43.89591281543249
55.196283944555354
12.238305761672956
30.865728177215793
22.992347520753235
12.665870187128201
53.615223160795665
20.741711110024692
42.174157920482095
18.37992086544737
38.05265925751229
158.81770521814227
26.622305990763156
84
13.635853493544886
20.672421473186557
35.37315945778265
106
15.740687858414658
51.07724449194147
26.31246502413538
83.13749963485176
124.18219019908285
25.224957551832496
84
19.10425072187714
7.643882561241165
130.9488518239773
32.05082064460406
39.616196049623596
26.977313353236042
17.673658726139756
8.413949861574263
10.82080410300814
25.212240875144722
48.628706750291
18.35733745416266
23.237798496819856
32.58381967267124
106
21.950852132576685
50.75245632563089
20.361253427201554
8.676532489242309
17.89264647336892
40.73020538106074
6.074203560900169
63.89453936596861
64.04440181588723
6.130344014173377
10.28512269997472
106
9.83014543665671
68.18726340948233
53.59640173636809
50.66189443611776
9.623816588502265
61.16054540706209
23.936438469101653
12.58889179194155
42.60118162362714
71.89819243075706
27.068218504036665
33.773958889939195
35.369416439237
33.42695556109728
52.5560719283923
18.41181525555255
12.195270724002757
17.970841990711406
9.64612649597985
75.59676232256993
49.326112754187655
83.05927404523331
40.02055292608233
39.7909318325758
23.98118819205732
20.21723446009021
16.72410564957142
6.896565746258646
12.116365324634309
9.30610497113285
12.550903051303653
29.57946234636422
42.74334224661224
13.779951289085645
19.70616982560709
86.23337965322939
15.112558131364079
15.793580506031164
39.46712063669087
9.769327278870843
38.50256596693985
31.231898319066012
46.4540350097485
18.97357621191403
34.875506943694255
49.915294134401556
28.23813435635259
26.891381626319337
22.28087759480094
8.66555227573458
17.07651120602139
89.95178636853308
106
18.914136553731424
68.9060094034898
106
19.6329500350907
20.99129755861937
79.90463503085441
8.192107480492549
13.245768943921506
27.396831731117558
14.36546827521894
16.101472539959133
25.007015351161716
11.118907898804654
15.597238628076209
51.61585357971275
44.16401352407297
45.52564723164084
19.985850163379936
22.407727898462152
6.967014497408011
23.11215894257655
